col1,col2,col3,col4
Glacier, Glacier du Brenay, ,
Community, Bagnes, ,
Canton, VS, ,
Number, , ,
Length (1973), 5.95, ,
Area (1973), 9.96, ,
Coordinates, 598.6, 90.8,
Exposition, SW, ,
  , , ,
Length variation measurements between 1881 and 2016, , ,
reference year, survey year, Length Change (m), Cum. Length Change (m),
1881, 1882, 0, 0, 
1892, 1893, 0, 0, 
1895, 1896, -5, -5, 
1896, 1897, -5, -10, 
1897, 1898, -3, -13, 
1898, 1899, -15, -28, 
1899, 1900, -5, -33, 
1900, 1901, -15, -48, 
1930, 1932, -11, -59, 
1952, 1953, -7, -66, 
1953, 1954, -6, -72, 
1954, 1955, -9, -81, 
1955, 1956, -9, -90, 
1956, 1957, -16, -106, 
1957, 1958, -14, -120, 
1958, 1959, -13, -133, 
1959, 1960, -20, -153, 
1960, 1961, -36, -189, 
1961, 1962, -6, -195, 
1962, 1963, -30, -225, 
1963, 1964, -16, -241, 
1964, 1965, -3, -244, 
1965, 1966, -10, -254, 
1966, 1967, -14, -268, 
1967, 1968, -10, -278, 
1968, 1969, -10, -288, 
1969, 1970, -30, -318, 
1970, 1971, -20, -338, 
1971, 1972, -11, -349, 
1972, 1973, -18, -367, 
1973, 1975, -33, -400, 
1975, 1976, -30, -430, 
1976, 1977, -6, -436, 
1977, 1978, -8, -444, 
1978, 1979, -23, -467, 
1979, 1980, -31, -498, 
1980, 1982, -25, -523, 
1982, 1983, -29, -552, 
1983, 1985, -10, -562, 
1985, 1986, -3, -565, 
1986, 1988, -10, -575, 
1988, 1989, -8, -583, 
1989, 1990, -12, -595, 
1990, 1991, -11, -606, 
1991, 1992, -24, -630, 
1992, 1993, -27, -657, 
1993, 1994, -8, -665, 
1994, 1995, -2, -667, 
1995, 1996, -20, -687, 
1996, 1997, -27, -714, 
1997, 1998, -31, -745, 
1998, 1999, -4, -749, 
1999, 2000, -15.9, -765, 
2000, 2001, -55.7, -821, 
2001, 2002, -40.1, -861, 
2002, 2003, -108.3, -969, 
2003, 2004, -31.5, -1001, 
2004, 2005, -17.4, -1018, 
2005, 2006, -26.2, -1044, 
2006, 2007, -36.2, -1080, 
2007, 2008, -22.6, -1103, 
2008, 2009, -32.4, -1135, 
2009, 2010, -35.4, -1171, 
2010, 2011, -49, -1220, 
2011, 2012, -42.5, -1262, 
2012, 2013, -68.5, -1331, 
2013, 2014, -6, -1337, 
2014, 2015, -35, -1372, 
2015, 2016, -27.4, -1399, 
